; put "@:sheet1"
;
;
;******************************
;
;           sheet  1
;
;******************************
;
;
;
;
mov1da
;
.byte 2
;
pat1le = 1 ;* patlen+1
;
alxy1 ;* initial x,y pos
;
.byte 5,2,0,10,2,0,15,2,0
.byte 4,4,0,9,4,0,14,4,0
.byte 3,6,0,8,6,0,13,6,0
.byte 2,8,0,7,8,0,12,8,0
;
;
;
;
;
.byte 5,10,0,10,10,0,15,10,0
.byte 4,12,0,9,12,0,14,12,0
.byte 3,14,0,8,14,0,13,14,0
.byte 2,16,0,7,16,0,12,16,0
;
;
;  aliens !
;
numa1 = 24
;
;
chard1
;
.byte 0,1,138,5,105,2,1,0
.byte 16,147,79,143,79,79,147,20
.byte 192,48,204,252,204,243,243,252
;
.byte 0,2,137,5,153,2,2,0
.byte 16,147,143,79,143,143,99,24
.byte 192,48,60,252,204,63,63,252
;
.byte 0,1,6,136,86,41,1,0
.byte 32,99,79,140,76,76,147,36
.byte 192,48,60,252,252,255,255,252
;
;
;
;
.end
