; put "@:sheetc"
;
;
;******************************
;
;           sheet  c
;
;******************************
;
;
;
;
movcda
;
.byte 2,2,2,2,2,2,2,2,2
.byte 2,2,2,2,2,2,2,2,2,2
.byte 2,2,2,2,2,2,2,2
.byte 5,5,6,6,6,6,6,6,6,6
.byte 5,6,6,6,6,6,6,6,6
.byte 5,6,6,6,6,6,5,5
;
patcle = 54 ;* patlen+1
;
alxyc ;* initial x,y pos
;
;
.byte 06,01,03
.byte 11,01,08
.byte 16,01,13
.byte 21,01,18
.byte 26,01,23
;
.byte 06,06,03
.byte 11,06,08
.byte 16,06,13
.byte 21,06,18
.byte 26,06,23
;
.byte 06,11,03
.byte 11,11,08
.byte 16,11,13
.byte 21,11,18
.byte 26,11,23
;
;
;
;  aliens !
;
numac = 15
;
;
chardc
;
;
.byte 170,80,80,80,80,80,80,170
.byte 170,0,0,0,0,0,0,170
.byte 170,15,15,15,15,15,15,170
;
.byte 170,1,1,1,1,1,1,170
.byte 170,67,67,67,67,67,67,170
.byte 170,192,192,192,192,192,192,170
;
.byte 170,0,0,0,0,0,0,170
.byte 170,60,60,60,60,60,60,170
.byte 170,0,0,0,0,0,0,170
;
;
;
;
.end
