; put "@:sheetg"
;
;
;******************************
;
;           sheet  g
;
;******************************
;
;
;
;
movgda
;
.byte 4
;
patgle = 1 ;* patlen+1
;
alxyg ;* initial x,y pos
;
;
.byte 01,02,00
.byte 02,04,00
.byte 03,06,00
.byte 04,08,00
.byte 05,10,00
.byte 06,12,00
.byte 07,14,00
.byte 08,16,00
.byte 09,18,00
.byte 10,20,00
.byte 11,22,00
;
.byte 29,02,00
.byte 28,04,00
.byte 27,06,00
.byte 26,08,00
.byte 25,10,00
.byte 24,12,00
.byte 23,14,00
.byte 22,16,00
.byte 21,18,00
.byte 20,20,00
.byte 19,22,00
;
.byte 15,08,00
.byte 15,11,00
;
;
;
;  aliens !
;
numag = 24
;
;
chardg
;
;
.byte 5,31,31,31,31,29,29,6
.byte 85,217,217,106,106,170,170,170
.byte 84,253,253,125,125,157,157,164
;
.byte 0,1,7,31,31,29,29,6
.byte 85,217,217,106,106,162,128,0
.byte 64,208,244,125,125,157,157,36
;
.byte 0,0,1,7,7,29,29,6
.byte 21,89,217,106,98,128,0,0
.byte 0,64,208,116,116,157,29,36
;
;
;
.end
