; put "@:sheet3"
;
;
;******************************
;
;           sheet  3
;
;******************************
;
;
;
;
mov3da
;
.byte 2,2,2,2,2,2,2,2,2,2,2,2,2
.byte 2,2,2,2,2,2,2,2,2,2,2,2,2
.byte 2,2
;
.byte 0,0,0,0
;
.byte 6,6,6,6,6,6,6,6,6,6,6,6,6
.byte 6,6,6,6,6,6,6,6,6,6,6,6,6
.byte 6,6
;
.byte 4,4,4,4,4,4,4,4,4,4,4,4
;
;
;
;
;
pat3le = 72 ;* patlen+1
;
alxy3 ;* initial x,y pos
;
.byte 2,5,0
.byte 6,5,4
.byte 10,5,8
.byte 14,5,12
.byte 18,5,16
.byte 22,5,20
.byte 26,5,24
.byte 29,4,28
.byte 28,1,32
.byte 24,1,36
.byte 20,1,40
.byte 24,1,36
.byte 16,1,44
.byte 12,1,48
.byte 8,1,52
.byte 4,1,56
.byte 0,0,0
.byte 0,0,0
.byte 0,0,0
.byte 0,0,0
;
;
;
;  aliens !
;
numa3 = 16
;
;
chard3
;
;
.byte 0,0,0,15,49,64,128,0
.byte 36,24,60,219,255,102,60,66
.byte 0,0,0,240,140,2,1,0
;
.byte 0,0,0,0,127,143,0,0
.byte 36,24,60,90,255,231,60,66
.byte 0,0,0,0,254,241,0,0
;
.byte 128,64,48,15,1,0,0,0
.byte 36,24,60,90,255,231,60,66
.byte 1,2,12,240,128,0,0,0
;
;
;
;
;
.end sheet3
