; put "@:sheet5"
;
;
;******************************
;
;           sheet  5
;
;******************************
;
;
;
;
mov5da
;
.byte 2,2,2,4,3,4,3,4,3,4,3
.byte 2,2,2,1,0,1,0,1,0,1,0,2,2,2
;
;
pat5le = 25 ;* patlen+1
;
alxy5 ;* initial x,y pos
;
;
.byte 05,04,04
.byte 07,08,08
.byte 10,10,12
.byte 13,07,16
.byte 15,03,20
.byte 20,02,02
.byte 22,06,06
.byte 24,10,10
.byte 28,08,15
;
.byte 05,12,04
.byte 07,16,08
.byte 10,18,12
.byte 13,15,16
.byte 15,11,20
.byte 20,10,02
.byte 22,14,06
.byte 24,18,10
.byte 28,16,15
;
;
;  aliens !
;
numa5 = 18
;
;
chard5
;
.byte 170,170,40,40,40,40,170,170
.byte 0,85,85,20,20,85,85,0
.byte 0,0,255,255,255,255,0,0
;
.byte 0,170,170,40,40,170,170,0
.byte 0,0,85,85,85,85,0,0
.byte 255,255,60,60,60,60,255,255
;
.byte 0,0,170,170,170,170,0,0
.byte 85,85,20,20,20,20,85,85
.byte 0,255,255,60,60,255,255,0
;
;
;
;
.end
