; put "@:sheetd"
;
;
;******************************
;
;           sheet  d
;
;******************************
;
;
;
;
movdda
;
.byte 2,2,3,3,4,4,5,5,6,6,7,7
.byte 0,0,1,1
;
patdle = 16 ;* patlen+1
;
alxyd ;* initial x,y pos
;
;
.byte 06,02,02
.byte 08,05,05
.byte 06,08,08
.byte 03,07,11
.byte 02,04,14
;
.byte 16,02,02
.byte 18,05,05
.byte 16,08,08
.byte 13,07,11
.byte 12,04,14
;
.byte 26,02,02
.byte 28,05,05
.byte 26,08,08
.byte 23,07,11
.byte 22,04,14
;
.byte 16,12,02
.byte 18,15,05
.byte 16,18,08
.byte 13,17,11
.byte 12,14,14
;
numad = 20
;
;
chardd
;
;
.byte 0,0,0,3,31,124,224,128
.byte 66,165,189,231,255,60,102,195
.byte 0,0,0,192,248,62,7,1
;
.byte 0,0,0,127,255,0,0,0
.byte 66,165,189,231,255,60,60,126
.byte 0,0,0,254,255,0,0,0
;
.byte 128,224,124,31,3,0,0,0
.byte 66,165,189,231,255,60,24,24
.byte 1,7,62,248,192,0,0,0
;
;
;
.end
